$ANSIBLE_VAULT;1.1;AES256
33303965663035353136633338343830636231643664316637376634646161356364386636613630
6363663730323733353733363931366237663238346266330a663933346638376139326332613162
65356466643761663966333561313833656238653435383863626635313430366635363332653961
3432623737316661610a393764633734326339343635333433313131666636353036363035393236
66636465383735383861616166636333353537316566616532363239313161363232363662616338
65316136346430613239356137383236383836323263383638633538656530363035343265626337
38633532313937396231616333346466646132356361616638303061393863393939346130313835
62333064633464363937643136633965353339366263336637326133393132616232333035363663
61323338393434353437643434626565323336363264326565313030336566326464323630376231
31386464383739313438633439326232363930636531623763323236623730626433353561663632
32653333316537396631383037666361643265363035623833636633336330633035656135613564
61663639346132373163653761633539346231316530323731346536323461313165323264383034
33623163303033643536613036303037626239646331303738636435613236323939303736373332
32393832313966336465306266626636303663663961363835323864306638343564636466373530
62616265393162666435346633666665643064333165626231396136616530343663323439326562
64316664333263626136353431626135396134646464363039613737323735336230386634613363
64616236346233333938316263613635633730343064633130383536303233623137303630633439
61643861383235626261356161623163656639363663393339313835303732386337633263663764
66643735626136303866353934363731366666313964326364316232373737666664646533646162
39383833613561353065623633313037363232646665646331663263366631343034363363636635
38386534326332386338303835616330303330663636326439343331343664313737
